111 011111011101111 11011111. 111

Albano, 000 101011 1111111· 111110011111111111. 11111110
110. 1001111011 101 10 quanti 111011

(1.1111.) 1060111111 11100 ‘8¹³ d‘bbt 0111 101011010111.

· · · · 10 11 111101 11110 000 lic· 11
111111,1111111111 :mg ffit÷⁶ss2522⁰J¹fi2⁶35522

2ss⁰2·ss⁰3:⁶52ffl2212‘zffl 0111111111111111101010111 ibri,

111111111111111 1111ῑὶ11 ’1111111111

10011, 11 1111111111, 1110110 111 ΡΝΜΨ111111011111111·

1010111 111001, quando 00011111.

d, ᾗ m, n 1⁶ mum· vongo 1011 1 dirui quello,

111 11111 10 11 001110 1110, 110.

(1,1111.) Tu 1110 1111 Iup· 100101011111101111101110101,
01101 0111111111 Romanum 110 11000011111111110011111111-
, 111110. 1181101101111110111110 01, 011101010011. 10,1111111111
0011. Tum 1111 11111 1111 ρο· 101, 01111111111001111011181-
pulum 1101100101 111 ferito. 1001011110, 11110010 quello,
111 00010 precede 1111, ugui- 110111111111111111, 11 1101110
1111110 apulum 111111100011- 1010,100111’111111111’0110; 11 ·
111 11110 111101 1011110 dir· 101110111111111, 0111 110111110-
1.,’.1111111111. 1111 11 ·’,11111“1111·““τ
1111111011 1011111, 11111 (011 111111111111111010 11111 111111Ι
11111 10111 meglio 1111) 111111 11, 1111110111 0011111111 11
111 diespiter. 1101101111· 11 00100101111111.

(ηψπ. Naum· 0⁰⁸¹ δί. 11111011, 1111101110, 0111111110

1000101111111111,101111 01 Μ· 111111110111111111111111

32:·.13÷·i:„;:÷?3¹:;:·„:·;0:¹¹¹· 1111111111 1111111

· editione, 11 11001101111011011.
(m.) 111111ᾳυί11101 1111111110 00, 1111100111 1110111, 1111111111

’ 11111111 1001110110111111. Δ 11110 0111110011111115111,1110110111· 1

11050111 ab 7111110 1111011010 111,100111, 110 110001101011.
Turnum, 11 1111 11111010 0011 111, 11 1010111111001000 1111.
111101011011100111111111 11111 100011, 110011 1110111111 1111 11.
011 11100011100111010110111111 11110111 11 1011111. 110 gli do.
100111011111, 11011111 0011 10 11110110111100101110111111. ·
,110111110111011., 11111, perche 1111 1011 10111111..

..111111111111111 11 ’111111111111

2⁸ 1111111111 'nst' ’11111οΜΙῆ 01010110, 01111111111, 01011111

111111111111111’111111 1111111111,’3111115 1,

01111 101011 11110 11011ἰο10 11 001110, per non 00111111110, 0
11 1101011111111031111011111100 0110 11111011011 101 1100 1110.
11111. 1111111101οη 101111111 11111 101111111ζ110111101111 (11
110 11110. 1100111. 10 1111111οἑ 0111111 110οσ110110 01111111) 11
111011 011010111111, 1111111110 questo 111011110101111, 010 11
111 0111111111 11110 111 11111111 111011 11111 0001111011 qualche
01111111110011111111111110, 11110 110110101110111100. Et
11 11111 11110001111001, 11 11. 011011011101111111101111118110111
10111001001101101111111110111. 10111101011111111 1101111, 11

 

piu 01101110 11 11110 1111 110110, ’

